ZN01
ZN02
ZN05
ZN06
ZN09
ZN12
ZN13
ZN15
ZN16

ZN01	ZN02	367925	204253	0.8893	0.8667	0.8667	224	6e-04
ZN01	ZN05	370606	205145	0.8887	0.8757	0.8757	151	4e-04
ZN01	ZN06	364579	198079	0.8779	0.886	0.8779	136	4e-04
ZN01	ZN09	373775	205978	0.8849	0.8807	0.8807	163	4e-04
ZN01	ZN12	351712	192850	0.8821	0.8803	0.8803	138	4e-04
ZN01	ZN13	362519	196786	0.877	0.8853	0.877	169	5e-04
ZN01	ZN15	353082	190953	0.8751	0.8885	0.8751	119	3e-04
ZN01	ZN16	359613	197448	0.8841	0.8798	0.8798	161	4e-04

ZN02	ZN05	374417	211165	0.8766	0.8866	0.8766	180	5e-04
ZN02	ZN06	364095	199646	0.8585	0.8888	0.8585	204	6e-04
ZN02	ZN09	375462	209533	0.8695	0.8856	0.8695	189	5e-04
ZN02	ZN12	353710	197330	0.8703	0.8898	0.8703	180	5e-04
ZN02	ZN13	362248	198127	0.8563	0.8877	0.8563	215	6e-04
ZN02	ZN15	352345	192292	0.8558	0.8919	0.8558	206	6e-04
ZN02	ZN16	361174	201517	0.8699	0.8873	0.8699	217	6e-04

ZN05	ZN06	367616	201251	0.8689	0.8895	0.8689	171	5e-04
ZN05	ZN09	377889	210000	0.8772	0.885	0.8772	171	5e-04
ZN05	ZN12	355724	197465	0.8775	0.8882	0.8775	146	4e-04
ZN05	ZN13	364807	199378	0.8668	0.8876	0.8668	180	5e-04
ZN05	ZN15	355226	193188	0.8655	0.8902	0.8655	167	5e-04
ZN05	ZN16	363201	202015	0.8782	0.8868	0.8782	188	5e-04

ZN06	ZN09	371777	202888	0.8882	0.8741	0.8741	147	4e-04
ZN06	ZN12	349414	189615	0.884	0.8739	0.8739	136	4e-04
ZN06	ZN13	360806	194502	0.8814	0.8808	0.8808	170	5e-04
ZN06	ZN15	352036	189142	0.8795	0.8843	0.8795	145	4e-04
ZN06	ZN16	357294	194617	0.8864	0.8747	0.8747	166	5e-04

ZN09	ZN12	357046	196296	0.878	0.8817	0.878	127	4e-04
ZN09	ZN13	370047	201807	0.8739	0.8871	0.8739	180	5e-04
ZN09	ZN15	359446	195191	0.8721	0.8904	0.8721	130	4e-04
ZN09	ZN16	367300	202508	0.88	0.8817	0.88	160	4e-04

ZN12	ZN13	346321	187863	0.8722	0.8837	0.8722	155	4e-04
ZN12	ZN15	339077	183638	0.8725	0.8875	0.8725	136	4e-04
ZN12	ZN16	345376	189560	0.8811	0.8783	0.8783	143	4e-04

ZN13	ZN15	350321	188053	0.879	0.8832	0.879	131	4e-04
ZN13	ZN16	356410	194059	0.8859	0.8742	0.8742	126	4e-04

ZN15	ZN16	347337	188269	0.8887	0.8715	0.8715	149	4e-04


ZN03
ZN14
ZN18

ZN03	ZN14	348769	190972	0.8647	0.8869	0.8647	204	6e-04
ZN03	ZN18	358617	196992	0.8668	0.8877	0.8668	202	6e-04

ZN14	ZN18	350625	189735	0.8814	0.8808	0.8808	131	4e-04


ZN07
ZN08
ZN10
ZN11
ZN17

ZN07	ZN08	354628	200272	0.8972	0.8656	0.8656	177	5e-04
ZN07	ZN10	347018	179303	0.8232	0.8169	0.8169	219	6e-04
ZN07	ZN11	347467	191773	0.8831	0.8855	0.8831	183	5e-04
ZN07	ZN17	347953	195238	0.8916	0.8723	0.8723	146	4e-04

ZN08	ZN10	391103	208931	0.8148	0.8377	0.8148	243	6e-04
ZN08	ZN11	390218	219458	0.8624	0.897	0.8624	198	5e-04
ZN08	ZN17	393610	226509	0.8759	0.8883	0.8759	174	4e-04

ZN10	ZN11	379739	196545	0.8189	0.8278	0.8189	268	7e-04
ZN10	ZN17	381290	201682	0.8307	0.8198	0.8198	290	8e-04

ZN11	ZN17	380809	212916	0.8935	0.8703	0.8703	184	5e-04
